403. [[0, 5, 1, 6, 3, 7, 2, 4]]
404. [[0, 1, 2, 3, 10, 6, 7, 8, 5, 4, 9]]
412. [[0, 1, 2], [3, 4, 5, 6], [7, 8, 9]]
413. [[0, 1, 3, 4, 5, 8, 9], [6, 7], [2]]
414. [[0, 1, 2, 3]]
421. [[3, 4, 5, 6, 7, 8, 0, 1, 2], [9]]
423. [[0, 3, 4, 5], [1], [2]]
439. [[0, 4, 2, 1, 3, 7, 6, 9, 8, 5]]
452. [[4, 6, 1, 5, 3, 10, 11, 0, 9, 7], [8, 2]]
460. [[0, 1, 8], [2, 5], [3, 6], [4, 7]]
469. [[0, 1, 2, 3, 4]]
475. [[3, 4, 9, 8, 7, 1, 5, 6], [2], [0]]
493. [[0, 2, 9, 1, 5, 3, 4, 6, 8, 7]]
502. [[0, 2, 5, 1, 3, 4]]
505. [[2, 3], [6, 7], [8, 9, 0, 1], [4], [5]]
506. [[0, 1], [2, 3], [6, 7], [8, 9], [4], [5]]
511. [[0, 4, 2, 1, 9, 5, 3, 7, 8, 6]]
518. [[0, 3, 1, 4, 9, 8, 5, 2, 6, 7]]
544. [[0, 1, 2, 3, 4, 5]]
545. [[0, 2, 4, 3, 1]]
546. [[4, 0, 6, 2, 5, 3, 1]]
547. [[4, 3, 1, 2], [0]]
548. [[0, 1, 2, 4, 6, 8, 3, 9, 5, 7]]
562. [[2, 1, 6, 3, 8, 0, 5, 10, 4, 9], [7]]
563. [[8, 3, 5, 10, 0, 2, 1, 7, 11, 4, 9], [6]]
565. [[0, 4, 3, 1, 2, 7, 5, 8, 6, 9]]
573. [[0, 1, 6, 4, 5, 2, 3, 8, 9, 7]]
