10. [[0], [1, 3, 5, 7, 9, 10, 13, 14, 17, 18, 21, 22, 25, 26, 29, 30, 33, 34, 37, 38, 41, 42, 45, 46, 49], [47, 48], [43, 44], [39, 40], [35, 36], [31, 32], [27, 28], [23, 24], [19, 20], [15, 16], [11, 12], [8], [6], [4], [2]]
19. [[0, 2, 8, 27], [28], [29], [30], [31], [32], [33], [34], [35], [36], [37], [38], [39], [40], [9], [10], [11], [12], [13], [14], [15], [16], [17], [18], [19], [20], [21], [22], [23], [24], [25], [26], [3], [4], [5], [6], [7], [1]]
24. [[0, 1, 2, 3], [4]]
25. [[0, 4, 7], [5, 6], [1, 2, 3]]
26. [[0, 1, 2, 3, 6], [7], [4, 5]]
49. [[0, 2, 4], [3], [1]]
50. [[0, 1, 3, 4], [5], [6], [7, 9, 10], [8], [2]]
52. [[0, 1, 2], [3, 4, 5]]
87. [[0, 1, 2, 3, 4, 5, 6, 7, 8], [9], [10], [11]]
101. [[0, 1, 2], [3, 4]]
102. [[0, 1, 3, 4], [2]]
105. [[0], [1], [2, 12], [13], [14], [15], [3], [4], [5, 11], [6], [7, 8, 9], [10]]
108. [[0, 1, 4, 5, 6, 7, 8, 9, 10, 11], [12], [13, 14, 15, 16], [2, 3]]
119. [[0, 2, 5, 11, 24, 49, 99], [50], [51], [52], [53], [54], [55], [56], [57], [58], [59], [60], [61], [62], [63], [64], [65], [66], [67], [68], [69], [70], [71], [72], [73], [74], [75], [76], [77], [78], [79], [80], [81], [82], [83], [84], [85], [86], [87], [88], [89], [90], [91], [92], [93], [94], [95], [96], [97], [98], [25], [26], [27], [28], [29], [30], [31], [32], [33], [34], [35], [36], [37], [38], [39], [40], [41], [42], [43], [44], [45], [46], [47], [48], [12], [13], [14], [15], [16], [17], [18], [19], [20], [21], [22], [23], [6], [7], [8], [9], [10], [3], [4], [1]]
136. [[0, 2, 3], [1]]
137. [[0, 1, 3], [2]]
138. [[0, 5], [1, 2], [3, 4]]
142. [[0], [1], [2], [3], [4], [5], [6, 7, 8, 9, 10, 11], [12], [13], [14], [15], [16], [17], [18], [19]]
148. [[0], [1], [2], [3], [4], [5], [6], [7], [8], [9], [10], [11], [12], [13], [14]]
156. [[0, 1, 16, 27], [17], [18], [19], [20], [21], [22], [23], [24], [25], [26], [2], [3], [4, 11], [12], [13], [14], [15], [5], [6], [7], [8], [9], [10]]
164. [[0, 1, 4, 7, 13, 17, 23, 35], [24, 33], [34], [25, 32], [26, 31], [27, 29], [30], [28], [18], [19, 22], [20, 21], [14, 16], [15], [8, 12], [9, 10], [11], [5, 6], [2, 3]]
165. [[0, 2, 4], [5], [6, 7, 8], [9], [3], [1]]
188. [[0, 1, 2, 3, 4, 5, 6, 7, 8, 9, 10, 11, 12, 13, 14, 15, 16, 17, 18, 19, 20, 21, 22, 23, 24, 25], [26], [27], [28], [29], [30], [31], [32], [33], [34], [35], [36], [37], [38], [39], [40], [41], [42], [43], [44], [45], [46], [47], [48], [49], [50]]
195. [[0, 5, 6, 7], [1, 2, 3, 4]]
211. [[0, 6], [7], [8, 9, 12], [10], [11], [1, 4], [5], [2], [3]]
215. [[0], [1], [2, 3, 4], [5], [6, 7, 8], [9], [10, 11, 12], [13], [14, 15, 16], [17], [18, 19, 20], [21], [22, 23, 24], [25], [26, 27, 28], [29], [30, 31, 32], [33], [34, 35, 36], [37], [38, 39, 40], [41], [42, 43, 44], [45], [46, 47, 48], [49], [50, 51, 52], [53], [54, 55, 56], [57], [58, 59, 60], [61], [62, 63, 64], [65], [66, 67, 68], [69], [70, 71, 72], [73], [74, 75, 76], [77], [78, 79, 80], [81], [82, 83, 84], [85], [86, 87, 88], [89], [90, 91, 92], [93], [94, 95, 96], [97], [98, 99]]
227. [[0, 3, 6, 7], [8], [4], [5], [1], [2]]
238. [[0, 1, 2, 3, 4, 5], [6, 7, 8, 9, 10], [11, 12, 13, 14], [15, 16, 17], [18, 19], [20]]
239. [[0, 1, 2, 3, 4, 5], [6, 7, 8], [9, 10], [11, 12], [13, 14, 18, 19], [20], [15, 16, 17]]
256. [[0], [1], [2], [3], [4], [5], [6], [7], [8], [9], [10, 11], [12, 13]]
274. [[0], [1], [2], [3], [4]]
275. [[0, 1], [2], [3]]
304. [[0], [1], [2], [3], [4], [5], [6], [7]]
305. [[0, 1, 7], [2, 3], [4], [5, 6]]
310. [[0, 1, 2, 3, 4], [5], [6], [7]]
316. [[0, 50, 51, 52, 53, 54, 55, 56, 57, 58, 59, 60, 61, 62, 63, 64, 65, 66, 67, 68, 69, 70, 71, 72, 73, 74, 75, 76, 77, 78, 79, 80, 81, 82, 83, 84, 85, 86, 87, 88, 89, 90, 91, 92, 93, 94, 95, 96, 97, 98, 99], [1, 2, 3, 4, 5, 6, 7, 8, 9, 10, 11, 12, 13, 14, 15, 16, 17, 18, 19, 20, 21, 22, 23, 24, 25, 26, 27, 28, 29, 30, 31, 32, 33, 34, 35, 36, 37, 38, 39, 40, 41, 42, 43, 44, 45, 46, 47, 48, 49]]
319. [[0, 1, 3], [4], [2]]
370. [[0, 1, 2, 3, 4, 5, 6]]
386. [[0, 1, 2, 3, 4], [5]]
412. [[0, 1, 2], [3, 4, 5, 6], [7, 8, 9]]
413. [[0, 1, 3, 4, 5, 8, 9], [6, 7], [2]]
423. [[0, 3, 4, 5], [1], [2]]
451. [[0, 2, 3, 6, 7, 10, 11, 14], [12, 13], [8, 9], [4, 5], [1]]
460. [[0, 1, 8], [2], [3], [4, 7], [5], [6]]
505. [[0, 1], [2, 3], [4], [5], [6, 7], [8, 9]]
506. [[0, 1], [2, 3], [4], [5], [6, 7], [8, 9]]
547. [[0, 1, 2], [3], [4]]
560. [[0, 1, 2, 3, 4, 5, 6, 7, 8, 9, 10, 11, 12, 13, 14, 15, 16, 17, 18, 19, 20, 21, 22, 23, 24, 25, 26, 27, 28, 29, 30, 31, 32, 33, 34, 35, 36, 37, 38, 39, 40, 41, 42, 43, 44, 45, 46, 47, 48, 49, 50], [51], [52], [53], [54], [55], [56], [57], [58], [59], [60], [61], [62], [63], [64], [65], [66], [67], [68], [69], [70], [71], [72], [73], [74], [75], [76], [77], [78], [79], [80], [81], [82], [83], [84], [85], [86], [87], [88], [89], [90], [91], [92], [93], [94], [95], [96], [97], [98], [99]]
598. [[0, 2, 3], [1]]
599. [[0, 1, 2]]
600. [[0, 1, 3], [2]]
