54. [5, 4, 1, 2, 3, 0]
55. [2, 6, 3, 4, 7, 8, 9, 11, 10, 0, 1, 5]
61. [0, 3, 2, 1]
73. [0, 8, 9, 3, 5, 6, 7, 4, 2, 1]
79. [0, 9, 7, 5, 8, 4, 6, 2, 1, 3]
113. [15, 4, 9, 13, 14, 6, 10, 3, 8, 1, 11, 12, 7, 2, 5, 0]
137. [0, 1, 3, 2]
208. [0, 2, 1]
209. [0, 3, 4, 2, 1]
210. [3, 5, 4, 0, 6, 2, 1]
232. [1, 2, 3, 0]
255. [0, 12, 13, 5, 9, 8, 3, 11, 10, 7, 2, 6, 4, 14, 1]
274. [4, 3, 2, 1, 0]
280. [0, 3, 2, 1]
283. [1, 2, 3, 0, 6, 5, 4]
289. [0, 5, 4, 3, 2, 1]
290. [0, 5, 4, 3, 2, 1]
301. [0, 9, 8, 6, 7, 5, 3, 4, 2, 1]
346. [0, 9, 8, 5, 6, 3, 7, 2, 4, 1]
370. [0, 1, 2, 3, 4, 5, 6]
371. [0, 4, 3, 2, 1]
389. [0, 4, 3, 2, 1]
390. [1, 0, 4, 2, 3]
403. [0, 5, 1, 6, 3, 7, 2, 4]
404. [0, 1, 2, 3, 10, 9, 6, 7, 8, 5, 4]
414. [0, 1, 2, 3]
439. [0, 9, 8, 7, 6, 5, 3, 4, 2, 1]
469. [0, 4, 1, 2, 3]
493. [0, 8, 4, 2, 9, 6, 5, 3, 7, 1]
499. [1, 2, 3, 4, 5, 6, 7, 8, 9, 10, 11, 12, 13, 14, 15, 0, 16]
500. [0, 1, 2, 3, 4, 5, 6, 7, 8, 9, 10, 11, 12, 13, 14, 15]
502. [0, 2, 5, 1, 3, 4]
511. [0, 9, 7, 8, 6, 5, 4, 3, 2, 1]
518. [0, 4, 9, 8, 5, 2, 6, 7, 3, 1]
544. [0, 1, 2, 3, 4, 5]
545. [0, 2, 4, 3, 1]
546. [4, 2, 6, 0, 5, 3, 1]
548. [0, 8, 7, 3, 9, 5, 6, 4, 2, 1]
565. [0, 8, 6, 9, 5, 4, 7, 2, 3, 1]
573. [0, 6, 4, 5, 2, 3, 8, 9, 1, 7]
599. [0, 1, 2]
