105. [[2, 12, 5, 11, 10, 0], [1, 8, 9], [4, 15, 3], [6, 14, 13, 7]]
108. [[0, 1, 4, 5, 6, 7, 8, 9, 10, 11], [12], [2, 3], [13, 14, 15, 16]]
142. [[6, 7, 8, 9, 10, 11, 0], [18, 17, 16, 15, 14, 13, 12, 1], [5, 4, 3, 2], [19]]
148. [[14, 6, 2, 0], [8, 3, 1], [7], [9, 4], [10], [12, 5], [11], [13]]
194. [[0, 1, 2, 3, 4, 8, 7, 9, 10, 11, 12, 13, 14], [5, 6]]
212. [[2, 4, 8, 7, 0, 14, 9, 13, 5, 3, 10, 12], [1, 6, 11]]
238. [[0, 1, 2, 3, 4, 5], [6, 7, 8, 9, 10], [11, 12, 13, 14], [15, 16, 17], [18, 19], [20]]
239. [[0, 1, 2, 3, 4, 5, 18, 19], [6, 7, 8], [9, 10], [11, 12], [13, 14], [15, 16, 17], [20]]
258. [[2, 4, 12, 14, 13, 9, 8, 5, 3, 1, 0], [6], [17, 18, 19, 16, 15, 11, 7], [10]]
387. [[5, 0, 1, 2, 3, 4, 14], [6], [7], [8], [9], [10], [11], [12], [13]]
451. [[0, 2, 3, 6, 8, 9, 11, 14], [1, 4, 5, 7, 10, 12, 13]]