262. [[3, 2], [0, 1], [4, 5]]
274. [[4, 3, 2, 1, 0]]
275. [[0, 1], [3, 2]]
276. [[0, 4], [6, 5, 2, 1, 3]]
280. [[0, 1, 3, 2]]
283. [[1, 2, 3, 0, 6, 5, 4]]
284. [[8, 7, 1, 6, 5, 2, 3, 4], [0]]
289. [[0, 1, 2, 3, 4, 5]]
290. [[0, 1, 2, 3, 4, 5]]
291. [[0, 9, 6], [1], [4], [5], [7, 3, 2], [8]]
301. [[0, 1, 2, 3, 4, 8, 6, 9, 7, 5]]
304. [[7, 6, 4, 0], [5, 3, 1], [2]]
305. [[0, 1, 7], [2, 3], [5, 6, 4]]
306. [[2, 3, 4, 5, 7, 6, 0], [1], [8]]
310. [[7, 6, 5, 4], [0, 1, 2, 3]]
319. [[0, 1, 4, 3], [2]]
328. [[7, 9, 10, 11, 8, 4, 2], [1, 0], [3], [6], [5]]
329. [[0, 1, 2, 4, 5], [3]]
330. [[0, 2, 5, 6, 4, 3], [1]]
346. [[0, 3, 6, 1, 7, 2, 4, 5, 8, 9]]
370. [[0, 1, 2, 3, 4, 5, 6]]
371. [[0, 1, 2, 3, 4]]
385. [[0, 6, 5, 3, 4], [1, 2]]
386. [[0, 1, 2, 3, 4], [5]]
388. [[6, 0, 7, 1, 8, 3, 9], [2], [5], [4]]
389. [[0, 1, 4, 3, 2]]
390. [[1, 0, 4, 2, 3]]
